13 44 1 225 
5 9 2 130 
16 28 8 188 
8 1 8 88 
19 36 14 173 
11 40 1 162 
3 2 3 63 
14 49 1 190 
6 15 1 88 
17 132 1 405 
9 5 9 62 
20 102 1 331 
12 13 12 124 
4 2 4 105 
15 84 1 306 
7 6 7 80 
18 19 17 142 
10 44 1 186 
2 1 2 52 
13 61 1 226 
5 6 5 64 
16 105 1 327 
8 19 6 100 
19 49 6 190 
11 45 1 197 
3 3 3 67 
14 40 1 164 
6 2 6 57 
17 1 17 68 
9 10 9 81 
20 172 1 513 
12 29 3 141 
4 6 4 65 
15 4 15 66 
7 11 3 81 
18 24 17 124 
10 31 1 133 
2 1 2 54 
13 29 5 182 
5 6 4 91 
16 55 1 227 
8 24 4 116 
19 45 4 182 
11 7 11 76 
3 2 3 61 
14 86 1 278 
6 12 5 84 
17 15 17 97 
9 32 3 142 
20 149 1 519 
12 46 1 185 
4 5 4 64 
15 51 1 208 
7 15 5 94 
18 55 2 210 
10 26 2 123 
2 1 2 58 
13 46 1 208 
5 3 4 74 
16 12 16 90 
8 14 5 86 
19 58 2 258 
11 12 10 115 
3 3 3 88 
