13 44 1 229 
5 9 2 107 
16 28 8 157 
8 1 8 92 
19 36 14 178 
11 40 1 162 
3 2 3 67 
14 49 1 177 
6 15 1 90 
17 132 1 374 
9 5 9 77 
20 102 1 312 
12 13 12 132 
4 2 4 68 
15 84 1 288 
7 6 7 86 
18 19 17 138 
10 44 1 184 
2 1 2 57 
13 61 1 202 
5 6 5 72 
16 105 1 308 
8 19 6 105 
19 49 6 184 
11 45 1 218 
3 3 3 71 
14 40 1 157 
6 2 6 80 
17 1 17 80 
9 10 9 88 
20 172 1 477 
12 29 3 148 
4 6 4 71 
15 4 15 85 
7 11 3 85 
18 24 17 152 
10 31 1 140 
2 1 2 70 
13 29 5 180 
5 6 4 87 
16 55 1 215 
8 24 4 129 
19 45 4 179 
11 7 11 86 
3 2 3 65 
14 86 1 264 
6 12 5 89 
17 15 17 113 
9 32 3 147 
20 149 1 422 
12 46 1 173 
4 5 4 75 
15 51 1 362 
7 15 5 99 
18 55 2 199 
10 26 2 126 
2 1 2 55 
13 46 1 176 
5 3 4 63 
16 12 16 103 
8 14 5 100 
19 58 2 229 
11 12 10 124 
